Expression: sqrt(5)
Result: 2.23606797749979
Fraction: 2.2360679775
Decimal: 2.2360679775

------------------------
Expression: 5 + sqrt(5)
Result: 7.23606797749979
Fraction: 7.2360679775
Decimal: 7.2360679775

------------------------
